38
1 3 1
2 2 0
3 1 1
2 2 2
0 2 2
1 1 3
0 2 0
1 1 -1
-1 1 1
0 0 0
2 0 0
2 0 2
0 0 2
1 -1 1
-6 0 0
-5 0 0
-5 0 1
-6 0 1
-6 1 0
-5 1 0
-5 1 1
-6 1 1
0 0 -6
0 0 -4
2 0 -4
2 0 -6
0 2 -6
0 2 -4
2 2 -4
2 2 -6
0 0 -8
0 0 -7
0.7 0.7 -7
0.7 0.7 -8
-0.7 0.7 -8
-0.7 0.7 -7
0 1.4 -7
0 1.4 -8
30
0 1 2 3
0 4 5 3
0 6 7 1
0 6 8 4
8 9 7 6
7 10 2 1
2 11 5 3
5 12 8 4
13 9 7 10
13 10 2 11
13 11 5 12
13 9 8 12
14 15 16 17
14 18 19 15
14 18 21 17
20 21 18 19
20 19 15 16
20 21 17 16
22 23 24 25
22 23 27 26
22 25 29 26
28 29 26 27
28 29 25 24
28 24 23 27
30 31 32 33
30 31 35 34
30 33 37 34
36 37 34 35
36 37 33 32
36 32 31 35